856029 730586
856039 730596
856039 730586
856029 730596
856019 730576
856019 730586
856029 730576
856039 730576
856019 730596
856116 730723
856029 730723
856116 730586
855942 730449
856029 730449
855942 730586
856116 730449
855942 730723
856166 730673
856166 730586
856029 730673
855892 730499
369418 733394
369428 733404
369428 733394
369418 733404
369408 733384
369408 733394
369418 733384
369428 733384
369408 733404
369505 733531
369418 733531
369505 733394
369331 733257
369418 733257
369331 733394
369505 733257
369331 733531
369555 733481
369555 733394
369418 733481
369281 733307
275524 559548
275534 559558
275534 559548
275524 559558
275514 559538
275514 559548
275524 559538
275534 559538
275514 559558
275611 559685
275524 559685
275611 559548
275437 559411
275524 559411
275437 559548
275611 559411
275437 559685
275661 559635
275661 559548
275524 559635
275387 559461
245678 821691
245688 821701
245688 821691
245678 821701
245668 821681
245668 821691
245678 821681
245688 821681
245668 821701
245765 821828
245678 821828
245765 821691
245591 821554
245678 821554
245591 821691
245765 821554
245591 821828
245815 821778
245815 821691
245678 821778
245541 821604
398795 472619
398805 472629
398805 472619
398795 472629
398785 472609
398785 472619
398795 472609
398805 472609
398785 472629
398882 472756
398795 472756
398882 472619
398708 472482
398795 472482
398708 472619
398882 472482
398708 472756
398932 472706
398932 472619
398795 472706
398658 472532
185071 362905
185081 362915
185081 362905
185071 362915
185061 362895
185061 362905
185071 362895
185081 362895
185061 362915
185158 363042
185071 363042
185158 362905
184984 362768
185071 362768
184984 362905
185158 362768
184984 363042
185208 362992
185208 362905
185071 362992
184934 362818
793791 581315
793801 581325
793801 581315
793791 581325
793781 581305
793781 581315
793791 581305
793801 581305
793781 581325
793878 581452
793791 581452
793878 581315
793704 581178
793791 581178
793704 581315
793878 581178
793704 581452
793928 581402
793928 581315
793791 581402
793654 581228
840059 534876
840069 534886
840069 534876
840059 534886
840049 534866
840049 534876
840059 534866
840069 534866
840049 534886
840146 535013
840059 535013
840146 534876
839972 534739
840059 534739
839972 534876
840146 534739
839972 535013
840196 534963
840196 534876
840059 534963
839922 534789
198415 321418
198425 321428
198425 321418
198415 321428
198405 321408
198405 321418
198415 321408
198425 321408
198405 321428
198502 321555
198415 321555
198502 321418
198328 321281
198415 321281
198328 321418
198502 321281
198328 321555
198552 321505
198552 321418
198415 321505
198278 321331
658034 897179
658044 897189
658044 897179
658034 897189
658024 897169
658024 897179
658034 897169
658044 897169
658024 897189
658121 897316
658034 897316
658121 897179
657947 897042
658034 897042
657947 897179
658121 897042
657947 897316
658171 897266
658171 897179
658034 897266
657897 897092
865489 548920
865499 548930
865499 548920
865489 548930
865479 548910
865479 548920
865489 548910
865499 548910
865479 548930
865576 549057
865489 549057
865576 548920
865402 548783
865489 548783
865402 548920
865576 548783
865402 549057
865626 549007
865626 548920
865489 549007
865352 548833
622636 456843
622646 456853
622646 456843
622636 456853
622626 456833
622626 456843
622636 456833
622646 456833
622626 456853
622723 456980
622636 456980
622723 456843
622549 456706
622636 456706
622549 456843
622723 456706
622549 456980
622773 456930
622773 456843
622636 456930
622499 456756
358830 431609
358840 431619
358840 431609
358830 431619
358820 431599
358820 431609
358830 431599
358840 431599
358820 431619
358917 431746
358830 431746
358917 431609
358743 431472
358830 431472
358743 431609
358917 431472
358743 431746
358967 431696
358967 431609
358830 431696
358693 431522
588432 446279
588442 446289
588442 446279
588432 446289
588422 446269
588422 446279
588432 446269
588442 446269
588422 446289
588519 446416
588432 446416
588519 446279
588345 446142
588432 446142
588345 446279
588519 446142
588345 446416
588569 446366
588569 446279
588432 446366
588295 446192
825690 703854
825700 703864
825700 703854
825690 703864
825680 703844
825680 703854
825690 703844
825700 703844
825680 703864
825777 703991
825690 703991
825777 703854
825603 703717
825690 703717
825603 703854
825777 703717
825603 703991
825827 703941
825827 703854
825690 703941
825553 703767
159120 340829
159130 340839
159130 340829
159120 340839
159110 340819
159110 340829
159120 340819
159130 340819
159110 340839
159207 340966
159120 340966
159207 340829
159033 340692
159120 340692
159033 340829
159207 340692
159033 340966
159257 340916
159257 340829
159120 340916
158983 340742
333669 542228
333679 542238
333679 542228
333669 542238
333659 542218
333659 542228
333669 542218
333679 542218
333659 542238
333756 542365
333669 542365
333756 542228
333582 542091
333669 542091
333582 542228
333756 542091
333582 542365
333806 542315
333806 542228
333669 542315
333532 542141
658103 572250
658113 572260
658113 572250
658103 572260
658093 572240
658093 572250
658103 572240
658113 572240
658093 572260
658190 572387
658103 572387
658190 572250
658016 572113
658103 572113
658016 572250
658190 572113
658016 572387
658240 572337
658240 572250
658103 572337
657966 572163
842616 515205
842626 515215
842626 515205
842616 515215
842606 515195
842606 515205
842616 515195
842626 515195
842606 515215
842703 515342
842616 515342
842703 515205
842529 515068
842616 515068
842529 515205
842703 515068
842529 515342
842753 515292
842753 515205
842616 515292
842479 515118
511484 160453
511494 160463
511494 160453
511484 160463
511474 160443
511474 160453
511484 160443
511494 160443
511474 160463
511571 160590
511484 160590
511571 160453
511397 160316
511484 160316
511397 160453
511571 160316
511397 160590
511621 160540
511621 160453
511484 160540
511347 160366
755829 751858
755839 751868
755839 751858
755829 751868
755819 751848
755819 751858
755829 751848
755839 751848
755819 751868
755916 751995
755829 751995
755916 751858
755742 751721
755829 751721
755742 751858
755916 751721
755742 751995
755966 751945
755966 751858
755829 751945
755692 751771
664260 859029
664270 859039
664270 859029
664260 859039
664250 859019
664250 859029
664260 859019
664270 859019
664250 859039
664347 859166
664260 859166
664347 859029
664173 858892
664260 858892
664173 859029
664347 858892
664173 859166
664397 859116
664397 859029
664260 859116
664123 858942
159428 300364
159438 300374
159438 300364
159428 300374
159418 300354
159418 300364
159428 300354
159438 300354
159418 300374
159515 300501
159428 300501
159515 300364
159341 300227
159428 300227
159341 300364
159515 300227
159341 300501
159565 300451
159565 300364
159428 300451
159291 300277
876863 176593
876873 176603
876873 176593
876863 176603
876853 176583
876853 176593
876863 176583
876873 176583
876853 176603
876950 176730
876863 176730
876950 176593
876776 176456
876863 176456
876776 176593
876950 176456
876776 176730
877000 176680
877000 176593
876863 176680
876726 176506
383832 340506
383842 340516
383842 340506
383832 340516
383822 340496
383822 340506
383832 340496
383842 340496
383822 340516
383919 340643
383832 340643
383919 340506
383745 340369
383832 340369
383745 340506
383919 340369
383745 340643
383969 340593
383969 340506
383832 340593
383695 340419
605073 372055
605083 372065
605083 372055
605073 372065
605063 372045
605063 372055
605073 372045
605083 372045
605063 372065
605160 372192
605073 372192
605160 372055
604986 371918
605073 371918
604986 372055
605160 371918
604986 372192
605210 372142
605210 372055
605073 372142
604936 371968
607440 403119
607450 403129
607450 403119
607440 403129
607430 403109
607430 403119
607440 403109
607450 403109
607430 403129
607527 403256
607440 403256
607527 403119
607353 402982
607440 402982
607353 403119
607527 402982
607353 403256
607577 403206
607577 403119
607440 403206
607303 403032
257856 846423
257866 846433
257866 846423
257856 846433
257846 846413
257846 846423
257856 846413
257866 846413
257846 846433
257943 846560
257856 846560
257943 846423
257769 846286
257856 846286
257769 846423
257943 846286
257769 846560
257993 846510
257993 846423
257856 846510
257719 846336
891699 170415
891709 170425
891709 170415
891699 170425
891689 170405
891689 170415
891699 170405
891709 170405
891689 170425
891786 170552
891699 170552
891786 170415
891612 170278
891699 170278
891612 170415
891786 170278
891612 170552
891836 170502
891836 170415
891699 170502
891562 170328
394436 450912
394446 450922
394446 450912
394436 450922
394426 450902
394426 450912
394436 450902
394446 450902
394426 450922
394523 451049
394436 451049
394523 450912
394349 450775
394436 450775
394349 450912
394523 450775
394349 451049
394573 450999
394573 450912
394436 450999
394299 450825
419151 577335
419161 577345
419161 577335
419151 577345
419141 577325
419141 577335
419151 577325
419161 577325
419141 577345
419238 577472
419151 577472
419238 577335
419064 577198
419151 577198
419064 577335
419238 577198
419064 577472
419288 577422
419288 577335
419151 577422
419014 577248
582777 542670
582787 542680
582787 542670
582777 542680
582767 542660
582767 542670
582777 542660
582787 542660
582767 542680
582864 542807
582777 542807
582864 542670
582690 542533
582777 542533
582690 542670
582864 542533
582690 542807
582914 542757
582914 542670
582777 542757
582640 542583
292193 125417
292203 125427
292203 125417
292193 125427
292183 125407
292183 125417
292193 125407
292203 125407
292183 125427
292280 125554
292193 125554
292280 125417
292106 125280
292193 125280
292106 125417
292280 125280
292106 125554
292330 125504
292330 125417
292193 125504
292056 125330
415672 787824
415682 787834
415682 787824
415672 787834
415662 787814
415662 787824
415672 787814
415682 787814
415662 787834
415759 787961
415672 787961
415759 787824
415585 787687
415672 787687
415585 787824
415759 787687
415585 787961
415809 787911
415809 787824
415672 787911
415535 787737
858703 157931
858713 157941
858713 157931
858703 157941
858693 157921
858693 157931
858703 157921
858713 157921
858693 157941
858790 158068
858703 158068
858790 157931
858616 157794
858703 157794
858616 157931
858790 157794
858616 158068
858840 158018
858840 157931
858703 158018
858566 157844
326959 154655
326969 154665
326969 154655
326959 154665
326949 154645
326949 154655
326959 154645
326969 154645
326949 154665
327046 154792
326959 154792
327046 154655
326872 154518
326959 154518
326872 154655
327046 154518
326872 154792
327096 154742
327096 154655
326959 154742
326822 154568
595580 798572
595590 798582
595590 798572
595580 798582
595570 798562
595570 798572
595580 798562
595590 798562
595570 798582
595667 798709
595580 798709
595667 798572
595493 798435
595580 798435
595493 798572
595667 798435
595493 798709
595717 798659
595717 798572
595580 798659
595443 798485
667639 571164
667649 571174
667649 571164
667639 571174
667629 571154
667629 571164
667639 571154
667649 571154
667629 571174
667726 571301
667639 571301
667726 571164
667552 571027
667639 571027
667552 571164
667726 571027
667552 571301
667776 571251
667776 571164
667639 571251
667502 571077
562704 570596
562714 570606
562714 570596
562704 570606
562694 570586
562694 570596
562704 570586
562714 570586
562694 570606
562791 570733
562704 570733
562791 570596
562617 570459
562704 570459
562617 570596
562791 570459
562617 570733
562841 570683
562841 570596
562704 570683
562567 570509
512291 169608